@relation TEST

@attribute id numeric
@attribute c1.txt_sc0 numeric
@attribute c10.txt_sc0 numeric
@attribute c11.txt_sc0 numeric
@attribute c12.txt_sc0 numeric
@attribute c13.txt_sc0 numeric
@attribute c14.txt_sc0 numeric
@attribute c14.txt_sc1 numeric
@attribute c14.txt_sc2 numeric
@attribute c14.txt_sc3 numeric
@attribute c15.txt_sc0 numeric
@attribute c16.txt_sc0 numeric
@attribute c17.txt_sc0 numeric
@attribute c18.txt_sc0 numeric
@attribute c19.txt_sc0 numeric
@attribute c2.txt_sc0 numeric
@attribute c20.txt_sc0 numeric
@attribute c21.txt_sc0 numeric
@attribute c22.txt_sc0 numeric
@attribute c22.txt_sc1 numeric
@attribute c22.txt_sc2 numeric
@attribute c22.txt_sc3 numeric
@attribute c22.txt_sc4 numeric
@attribute c23.txt_sc0 numeric
@attribute c3.txt_sc0 numeric
@attribute c4.txt_sc0 numeric
@attribute c5.txt_sc0 numeric
@attribute c6.txt_sc0 numeric
@attribute c7.txt_sc0 numeric
@attribute c8.txt_sc0 numeric
@attribute c9.txt_sc0 numeric

@data
39.822817,3,3,0.153846,109,50,100,0,0,100,100,100,2,1,123,0,19,26,100,-1,-1,100,100,0,0,0,0,0,5,1.284267,0
38.886859,15,6,0.148148,287,37.5,100,0,0,100,100,100,16,17,346,0.533333,62,13,100,100,-1,93,-1,0,0.466667,0.428571,0,0.142857,4,1.382295,1
38.886612,15,6,0.142857,287,37.5,100,0,0,100,100,100,16,17,347,0.533333,62,13,100,100,-1,93,-1,0,0.466667,0.428571,0,0.142857,4,1.398032,1
47.126898,2,3,0.12,114,75,100,0,0,0,100,100,4,1,123,0.5,33,9,80,-1,-1,62,-1,0,0.5,0,0,0.333333,4,0.900573,0
48.566399,22,1,0.133333,448,50,100,0,0,100,89.285713,89.285713,28,32,490,0,63,18,96,-1,-1,66,-1,50,1,1,0,0.666667,3,1.848952,0
51.393301,11,4,0.3,194,53.846153,100,0,0,100,100,100,13,11,536,0.466667,38,7,50,-1,-1,70,-1,40,0.533333,0.5,0,0.125,4,6.292793,1
38.881415,28,2,0.266667,495,33.333332,100,0,0,0,89.743591,89.743591,39,53,556,0,97,7,92,-1,-1,66,-1,0,0,0,0,0,3,1.664478,1
46.51752,1,3,0.333333,58,75,100,0,100,100,100,100,4,1,247,0,19,3,100,100,100,100,-1,40,0,0,0,0,4,9.314516,0
80.020274,1,3,0.428571,65,75,100,0,100,0,100,100,4,1,254,0,19,3,100,100,100,100,-1,40,0,0,0,0,5,4.085527,0
41.935756,3,0,0.166667,58,50,100,0,0,0,100,100,2,1,65,0,8,5,100,-1,-1,100,-1,40,0,0,0,0,4,1.40988,0
38.98061,3,3,0.166667,54,50,100,0,0,0,100,100,2,1,61,0,8,6,100,100,-1,100,-1,25,0,0,0,0,3,1.632622,0
45.881098,17,5,0.21875,328,47.826088,100,0,0,100,100,100,23,29,391,0.3,64,8,100,-1,-1,92,-1,48,0.7,0.857143,0,0.571429,4,1.400091,0
48.799416,2,1,0.5,151,75,100,0,0,0,87.5,75,8,8,365,0.298246,26,7,85,100,-1,100,-1,45,0.701754,0.225,0,0.575,4,3.898643,0
51.630642,0,2,0.166667,91,50,100,0,0,0,100,100,2,1,382,0.857143,25,12,100,100,-1,66,-1,50,0.142857,0,0,0,4,13.122222,0
51.630642,0,2,0.166667,91,50,100,0,0,0,100,100,2,1,382,0.857143,25,12,100,100,-1,66,-1,50,0.142857,0,0,0,4,13.122222,0
41.832535,2,2,0.137931,148,41.666668,100,0,100,100,91.666664,91.666664,12,9,629,0.5,48,10,87,100,-1,88,-1,54,0.5,0,0,0,4,10.315789,0
41.133324,0,2,0.25,36,100,100,0,0,100,100,100,1,1,167,0,5,3,75,-1,-1,100,-1,0,0,0,0,0,5,10.913979,0
45.77061,0,6,0.130435,83,100,100,0,0,100,100,100,1,1,450,0,10,4,75,-1,-1,100,-1,0,0,0,0,0,5,10.966184,2
30.713046,0,6,0.136364,162,46.666668,100,0,0,100,100,100,15,18,680,0,32,7,68,50,-1,100,-1,48,0,0,0,0,4,11.244382,1
57.512099,0,0,0.166667,50,50,100,0,0,100,100,100,2,1,55,0.75,13,1,100,-1,-1,100,-1,0,0.25,1,0,1,4,1.564238,3
57.220506,2,0,0.192308,193,66.666664,100,0,0,0,100,100,15,12,498,0,37,6,35,100,-1,60,-1,0,0,0,0,0,5,2.556985,0
59.281044,3,0,1,39,50,100,0,0,100,100,100,2,1,40,0,4,1,50,-1,-1,100,-1,0,1,1,0,0.4,3,1.755611,0
53.587803,0,1,0.166667,76,50,100,0,0,100,100,100,2,3,77,1,3,2,100,-1,100,83,-1,0,0,0,0,0,4,1.103549,0
41.286117,0,2,0.333333,32,50,100,0,0,100,100,100,2,1,33,0,4,2,100,-1,100,100,-1,33,0,0,0,0,3,1.0347,0
49.566178,13,9,0.121951,293,50,100,0,0,0,75,75,12,12,320,0.833333,46,13,87,-1,-1,57,-1,48,0.166667,0.5,0,0,4,1.405563,0
57.262205,1,2,0.176471,102,50,100,0,0,0,75,75,4,4,344,0.142857,53,12,66,100,-1,100,-1,59,0.857143,0,0,0.166667,4,9.475113,1
56.796126,0,2,0.166667,132,50,100,0,0,100,87.5,87.5,8,10,285,0.8,42,6,50,50,-1,42,-1,53,0.2,1,0,1,3,4.360146,4
57.329731,1,5,0.12766,365,61.53846,100,0,0,100,92.307693,92.307693,13,17,439,0.5,56,13,27,100,-1,53,-1,50,0.5,0,0,0,5,2.051172,0
52.014471,1,6,0.101695,364,61.53846,100,0,0,100,92.307693,92.307693,13,17,440,0.5,58,12,27,100,-1,53,-1,49,0.5,0,0,0,5,2.075176,0
38.908823,2,0,0.166667,174,66.666664,100,0,0,0,100,100,6,10,483,0,53,5,85,-1,-1,100,-1,51,0,0,0,0,5,6.220588,2
67.555147,0,3,0.081081,212,80,100,0,0,0,100,100,5,10,235,0,30,28,100,-1,-1,100,-1,0,1,0,0,0.666667,3,1.233645,0
48.204881,0,0,-1,0,0,0,0,0,0,0,0,0,0,2,0,3,0,-1,-1,-1,-1,-1,0,0,0,0,0,0,0,0
45.887379,0,5,0.25,231,43.75,100,0,0,0,93.75,93.75,16,12,899,1,21,9,90,-1,-1,100,100,47,0,0,0,0,6,13.318868,0
43.639404,0,3,0.176471,169,100,100,0,0,0,100,100,2,3,682,1,5,12,100,100,-1,100,-1,33,0,0,0,0,4,16.363409,0
38.885714,0,5,0.357143,54,50,100,0,100,100,100,100,2,1,286,0,3,2,100,100,-1,100,-1,0,0,0,0,0,8,8.808383,0
49.930115,1,1,0.222222,44,66.666664,100,0,0,100,100,100,3,3,160,0.5,15,1,100,-1,-1,100,-1,46,0.5,0,0,0.5,4,6.898649,0
49.923422,1,1,0.222222,44,66.666664,100,0,0,100,100,100,3,3,161,0.5,16,1,100,-1,-1,100,-1,46,0.5,0,0,0.5,4,6.973154,0
58.88117,2,1,0.086957,322,29.411764,100,0,0,100,100,100,17,14,1603,1,39,5,60,-1,-1,66,100,51,0,0,0,0,5,10.113594,2
80.418444,0,0,0.75,41,50,100,0,0,0,100,100,2,1,127,1,6,8,66,-1,-1,66,-1,0,0,0,0,0,3,9.121212,0
66.516635,0,1,0.4,86,50,100,0,0,100,100,100,2,3,314,0.8,7,5,50,-1,-1,33,-1,25,0.2,0,0,0,4,7.303738,1
72.25819,0,1,0.363636,97,50,100,0,0,100,100,100,2,3,367,0.833333,9,5,62,-1,-1,33,-1,40,0.166667,0,0,0,4,7.491304,1
39.842884,1,1,0.666667,43,50,100,0,0,100,100,100,4,1,169,1,5,1,100,-1,-1,100,-1,0,0,0,0,0,4,11.20548,1
52.37443,0,1,0.272727,99,50,100,0,100,100,100,100,8,8,228,0,13,18,50,100,-1,60,-1,37,1,1,0,0.2,5,5.042991,0
51.881367,35,6,0.15625,604,41.666668,100,0,0,0,77.777779,75,36,62,888,0.361702,83,9,96,100,-1,100,-1,51,0.638298,0.666667,0,0.4,4,3.277973,0
50.334364,0,1,0.4,71,100,100,0,100,100,100,100,1,1,77,0,16,3,100,100,-1,100,-1,45,1,0,0,0,3,1.836149,1
49.952639,0,0,0.333333,23,50,100,0,0,100,100,100,2,1,27,0.5,5,1,100,-1,-1,100,-1,0,0.5,0,0,0,3,1.777778,1
40.602021,1,0,0.8,43,100,100,0,100,0,100,100,1,1,48,0,6,8,100,100,-1,100,-1,0,0,0,0,0,7,0.919624,0
38.882129,1,2,0.15,203,61.904762,100,0,0,0,100,100,21,21,233,0,31,12,100,100,-1,100,100,0,1,1,0,0.666667,4,1.367179,0
46.993686,0,0,-1,39,0,0,0,0,0,0,0,0,0,43,0,5,0,-1,-1,-1,-1,-1,0,0,0,0,0,1,3.12749,0
50.192476,0,0,-1,47,0,0,0,100,0,0,0,0,0,54,0,8,0,-1,100,-1,-1,-1,0,0,0,0,0,0,1.483101,0
49.935563,0,0,0.6,27,100,100,0,100,100,100,100,1,1,100,0,5,1,100,100,-1,100,-1,0,0,0,0,0,3,13.105263,0
42.588145,0,0,0.235294,47,100,100,0,100,100,100,100,1,1,120,0,6,1,100,100,-1,100,-1,33,0,0,0,0,3,2.235294,4
51.447834,0,2,0.428571,83,66.666664,100,0,0,100,100,100,9,7,239,0,17,4,42,-1,-1,33,-1,0,0,0,0,0,3,11.027323,0
45.609665,0,0,-1,10,0,0,0,0,0,0,0,0,0,16,0,7,0,-1,-1,-1,-1,-1,0,0,0,0,0,0,4.7,0
48.652136,0,0,-1,9,0,0,0,100,0,0,0,0,0,12,0,4,0,-1,100,-1,-1,-1,0,0,0,0,0,0,2.615385,0
49.937838,0,0,-1,37,0,0,0,100,0,0,0,0,0,44,0,8,0,-1,100,-1,-1,-1,0,0,0,0,0,0,1.92029,0
50.112137,0,4,0.166667,30,100,100,0,100,100,100,100,1,1,111,0,4,2,100,100,-1,100,-1,0,1,1,0,0,3,11.781818,1
49.673779,0,0,-1,38,0,0,0,100,0,0,0,0,11,44,1,7,0,-1,100,-1,-1,-1,0,0,0,0,0,0,4.287671,0
51.324081,0,0,-1,19,0,100,0,0,0,0,0,0,0,22,0,4,0,100,-1,-1,-1,-1,0,0,0,0,0,0,3.133929,0
44.000689,0,0,-1,11,0,0,0,0,0,0,0,0,0,12,0,2,0,-1,-1,-1,-1,-1,0,0,0,0,0,0,2.133333,0
40.004109,0,0,-1,106,0,0,0,0,0,0,0,0,4,118,0,17,0,-1,-1,-1,-1,-1,0,0,0,0,0,1,1.432836,0
52.079235,0,0,-1,14,0,0,0,100,0,0,0,0,0,17,0,4,0,-1,50,-1,-1,-1,0,0,0,0,0,0,3.16,0
45.596576,0,0,-1,6,0,0,0,0,0,0,0,0,0,8,0,3,0,-1,-1,-1,-1,-1,0,0,0,0,0,0,10.615385,0
44.901456,0,0,-1,54,0,0,0,0,0,0,0,0,0,59,0,6,0,-1,-1,-1,-1,-1,0,0,0,0,0,1,3.264407,0
42.62215,0,0,0.4,68,50,100,0,0,100,100,100,2,1,68,0,3,1,100,-1,-1,100,-1,0,0,0,0,0,5,0.614449,0
47.728256,0,0,0.4,25,50,100,0,0,100,100,100,2,1,26,0,4,2,100,-1,-1,100,-1,0,0,0,0,0,4,1.649819,0
21.980522,0,0,0.75,68,50,100,0,0,100,100,100,2,1,71,0,4,1,53,-1,-1,100,-1,0,0,0,0,0,7,0.700967,0
41.141562,0,0,0.2,36,50,100,0,100,100,100,100,2,1,37,0,5,1,100,100,-1,100,-1,33,0,0,0,0,4,0.875899,0
50.271815,0,0,0.25,30,50,100,0,0,100,100,100,2,1,35,0,8,1,100,-1,-1,100,-1,33,1,0.5,0,0.5,4,1.159353,0
46.92071,0,0,0.333333,20,50,100,0,0,100,100,100,2,1,70,0,19,1,100,-1,-1,100,-1,46,0,0,0,0,3,9.28125,0
29.749363,0,0,0.111111,93,60,100,0,0,100,80,80,5,4,376,0.909091,13,2,40,100,-1,50,-1,40,0.090909,0,0,0,3,6.207483,0
25.005849,1,0,0.111111,102,60,100,0,0,100,80,80,5,4,432,1,13,2,40,100,-1,66,-1,40,0,0,0,0,3,6.239193,0
23.863486,0,0,0.166667,132,63.636364,100,100,0,100,63.636364,63.636364,11,12,527,0,22,5,60,100,-1,50,100,47,1,1,0,0.5,4,5.551471,0
24.754721,0,1,0.125,49,50,100,0,100,100,100,100,2,1,198,0,9,1,33,100,-1,20,-1,42,1,1,0,0.166667,5,4.35102,0
42.191906,0,3,0.5,85,100,100,0,0,0,100,100,1,1,504,0,22,5,100,-1,-1,100,-1,44,0,0,0,0,5,5.819853,1
57.387471,0,0,0.115385,80,66.666664,100,0,0,100,100,100,3,1,167,0,35,2,100,-1,-1,100,-1,58,0,0,0,0,3,2.654472,6
51.819851,3,2,0.176471,218,29.411764,100,0,0,0,100,100,17,18,583,0.058824,63,4,88,100,-1,75,-1,52,0.941176,0.75,0,0.1875,3,1.866222,4
47.54654,1,2,0.190476,321,70.96774,100,0,100,0,100,100,31,26,1678,0.235294,88,3,72,77,-1,100,100,0,0.764706,0.230769,0.230769,0.461538,4,5.761667,2
47.437006,1,11,0.15,127,63.636364,100,0,100,100,100,100,11,12,138,0,47,0,100,100,-1,100,-1,62,0,0,0,0,4,1.501688,4
45.058145,0,2,0.190476,316,70.96774,100,0,100,0,100,100,31,26,1680,0.1875,87,2,72,77,-1,100,100,50,0.8125,0.230769,0.230769,0.461538,4,6.087378,2
41.549745,0,3,0.5,86,100,100,0,0,0,100,100,1,1,505,0,22,6,100,-1,-1,100,-1,44,0,0,0,0,5,5.875458,1
46.389848,0,1,0.285714,28,50,100,0,0,100,100,100,2,1,118,0,5,1,100,-1,-1,66,-1,33,0,0,0,0,4,7.453488,0
51.715564,0,1,0.6,34,66.666664,100,0,0,100,100,100,3,2,96,0,9,2,100,-1,-1,100,-1,0,1,1,1,0,3,4.509202,0
40.116528,0,3,0.125,99,50,100,0,100,100,50,50,2,1,199,0,56,1,100,100,-1,100,-1,51,0,0,0,0,3,1.260306,0
47.88168,24,5,0.148148,540,77.77778,100,0,0,0,100,100,27,33,835,0.076923,109,1,93,100,-1,100,-1,50,0.923077,0.777778,0,0.194444,4,1.758763,8
39.80957,0,5,0.148148,411,59.25926,100,0,0,0,100,100,27,33,709,0,114,0,93,100,-1,100,-1,50,1,0,0,0,4,1.685975,8
34.732069,0,2,0.25,167,55,100,0,0,100,100,90,20,19,599,0,30,6,88,100,-1,87,-1,52,0,0,0,0,6,6.415842,1
35.659762,0,9,0.12,285,43.75,100,0,0,0,68.75,68.75,16,57,319,0,86,0,67,100,-1,-1,-1,59,0,0,0,0,5,1.61039,8
37.360405,0,9,0.12,280,43.75,100,0,0,0,68.75,68.75,16,57,313,0,83,0,67,100,-1,-1,-1,58,0,0,0,0,5,1.62607,8
39.789669,1,2,0.115385,324,42.105263,100,0,0,0,63.157894,63.157894,19,69,359,0,87,2,68,100,-1,-1,-1,59,0,0,0,0,5,1.493278,2
42.558881,1,3,0.125,108,50,100,0,100,100,50,50,2,1,208,0,58,1,100,100,-1,100,-1,51,0,0,0,0,3,1.204476,0
37.216566,0,1,0.081081,362,25.806452,100,0,0,0,74.19355,67.741936,31,62,416,0,113,4,96,100,-1,-1,-1,59,0,0,0,0,4,1.557621,0
38.763852,0,5,0.107143,117,42.857143,100,0,0,0,100,100,7,10,129,0.666667,26,2,75,100,-1,100,-1,45,0.333333,0,0,0,3,1.504202,0
23.570753,0,6,0.095238,247,38.46154,100,0,0,100,100,100,26,37,287,0.666667,62,6,48,100,-1,50,-1,53,0.333333,0,0,0,4,1.600406,2
38.763852,0,5,0.107143,117,42.857143,100,0,0,0,100,100,7,10,129,0.666667,26,2,75,100,-1,100,-1,45,0.333333,0,0,0,3,1.504202,0
50.260472,2,1,0.5,71,75,100,0,0,100,100,100,4,7,75,0,18,1,100,-1,-1,100,-1,42,1,0,0,0,4,1.323003,2
53.341337,0,2,0.277778,120,42.857143,100,0,0,100,100,92.85714,14,14,391,0,15,7,100,-1,-1,87,-1,50,1,0.5,0.5,0.5,5,6.70024,1
50.075229,0,2,0.263158,162,55,100,0,0,100,100,95,20,14,619,0,22,7,88,-1,-1,88,-1,50,1,0.5,0.5,0.5,6,7.981405,1
49.939925,1,0,0.285714,188,77.77778,100,0,100,100,100,100,9,11,788,0,49,4,100,100,-1,100,-1,50,1,0,0,0,6,3.806584,0
42.166281,0,0,0.333333,157,75,100,0,100,100,100,100,8,11,582,0,48,4,100,100,-1,100,-1,54,1,0.5,0.5,0,6,4.467249,0
47.521949,0,1,0.4,32,50,100,0,0,100,100,100,2,1,34,0,6,3,66,-1,-1,100,-1,25,1,1,0,0.5,2,1.91092,0
50.537651,0,1,0.2,136,80,100,0,0,0,100,100,10,11,151,0,20,5,83,-1,-1,100,100,47,0,0,0,0,4,1.58905,0
50.304729,1,4,0.173913,121,100,100,100,0,100,100,100,1,1,137,0.1,11,6,83,-1,-1,100,100,37,0.9,0.222222,0,0.444444,4,1.251685,0
49.192394,0,2,0.444444,38,50,100,0,0,100,100,100,2,1,43,0,5,3,100,-1,-1,100,-1,0,0,0,0,0,5,0.977077,1
45.615204,0,0,0.25,29,50,100,0,100,100,100,100,2,1,105,0,9,2,100,100,-1,100,-1,50,0,0,0,0,3,26.458334,0
42.001729,0,5,0.210526,262,40.909092,100,0,0,100,100,100,22,17,1087,0.55,34,1,73,100,100,100,-1,57,0.45,0.333333,0,0.444444,6,16.746313,5
38.863968,18,6,0.096774,371,47.826088,100,0,0,0,86.95652,86.95652,23,32,1194,0.466667,74,4,100,100,-1,100,100,0,0.533333,0.75,0,0.3125,5,6.830645,0
53.803332,0,0,0.222222,46,50,100,0,0,100,100,100,2,1,177,0,13,9,100,100,-1,100,-1,75,0,0,0,0,5,8.984,0
39.843094,0,2,0.363636,58,33.333332,100,0,0,100,100,100,3,1,290,0,14,3,100,-1,-1,100,-1,50,0,0,0,0,4,23.56,4
49.082831,0,0,1,42,60,100,0,0,100,100,100,5,4,71,0,4,2,100,-1,-1,80,-1,0,0,0,0,0,4,2.251748,0
40.298702,0,1,0.5,27,50,0,0,100,100,100,100,2,1,29,0,4,3,-1,100,-1,100,-1,0,0,0,0,0,3,2.263359,2
50.806825,0,3,0.333333,35,50,100,0,0,100,100,100,2,1,37,0,4,5,100,-1,-1,100,-1,33,1,0,0,0,5,1.652956,0
45.414301,1,0,0.333333,53,50,100,0,100,100,100,100,2,1,212,0,24,1,100,100,-1,100,-1,50,0,0,0,0,4,14.615385,0
51.095737,0,5,0.384615,38,50,100,0,0,0,100,100,2,1,135,0,16,12,100,-1,-1,100,-1,40,0,0,0,0,3,11.410256,0
43.824762,19,2,0.16,376,36,100,0,0,0,80,80,25,38,955,0.5,63,5,52,-1,-1,72,-1,48,0.5,0,0,0,4,2.679376,0
39.308951,19,2,0.153846,401,36,100,0,0,0,80,80,25,38,1064,0.653846,66,7,43,-1,-1,50,-1,50,0.346154,0,0,0,4,2.833049,0
41.642354,30,5,0.153846,512,50,100,0,0,100,100,100,38,36,1925,0.6,94,14,50,100,-1,50,-1,49,0.4,0.75,0,0.5,4,6.778032,0
41.084778,0,0,0.5,34,50,100,0,0,100,100,100,2,1,131,0,11,1,100,-1,-1,100,-1,37,0,0,0,0,4,11.339623,0
41.417247,0,2,0.25,26,50,100,0,0,100,100,100,2,2,30,0,5,3,100,-1,-1,33,-1,0,0,0,0,0,4,1.838488,0
39.244486,0,3,0.454545,31,50,100,0,100,0,100,100,2,1,36,0,6,3,100,100,-1,100,-1,0,0,0,0,0,5,1.58,1
49.42532,0,1,0.222222,157,46.666668,100,0,0,0,100,100,15,14,162,0,7,9,100,100,-1,100,-1,0,1,0,0,0,4,1.509469,2
38.888611,0,6,0.114286,243,50,100,0,0,0,100,100,20,19,249,0.857143,8,6,88,83,-1,100,-1,33,0.142857,0,0,0,8,1.416796,0
40.856232,0,2,0.2,27,50,100,0,0,100,100,100,2,2,32,0,6,3,100,-1,-1,33,-1,0,0,0,0,0,4,1.844885,0
38.879391,0,0,0.285714,43,75,100,0,100,0,100,100,4,2,48,0,6,7,100,66,-1,-1,-1,0,0,0,0,0,3,1.756098,0
38.903411,0,0,0.4,37,50,100,0,0,0,100,100,4,4,44,0,7,7,100,100,-1,-1,-1,0,0,0,0,0,3,2.310976,0
38.885007,0,6,0.108108,242,50,100,0,0,0,100,100,20,19,292,0,8,6,88,83,-1,100,-1,33,1,0,0,0,8,1.464831,0
39.591232,0,0,0.166667,44,66.666664,100,100,100,100,100,100,3,3,48,0,6,3,100,100,-1,100,100,0,0,0,0,0,6,0.919654,0
38.900194,0,1,0.2,119,50,100,0,100,100,100,100,6,5,124,0,7,9,100,100,-1,100,-1,0,0,0,0,0,6,1.477629,0
45.584089,0,1,0.333333,36,66.666664,100,0,0,100,100,100,3,4,41,0,6,2,100,100,-1,50,-1,0,0,0,0,0,3,1.706546,1
41.080451,0,0,0.26087,52,100,100,100,100,100,100,100,1,1,55,0,4,7,100,100,-1,100,100,0,0,0,0,0,3,1.735399,0
49.825214,0,0,0.333333,31,66.666664,100,0,0,100,100,100,3,4,36,0,6,2,100,100,-1,50,-1,0,0,0,0,0,4,1.710027,0
28.472133,0,0,0.222222,53,50,100,0,0,0,100,100,2,1,63,0,11,3,100,-1,-1,100,-1,37,1,0,0,0,3,3.128834,0
39.011757,2,0,0.6,36,50,100,0,0,0,100,100,2,1,59,0,9,3,50,-1,-1,100,-1,33,0,0,0,0,3,3.202765,0
39.102544,0,0,0.2,41,50,100,0,0,0,100,100,2,1,159,0,10,3,100,-1,-1,100,-1,33,0,0,0,0,4,8.551402,0
33.669101,29,2,0.210526,453,40.54054,100,0,0,0,100,100,37,39,1662,0,71,14,40,-1,-1,41,-1,49,0,0,0,0,4,6.14056,0
32.16691,17,2,0.181818,308,36.363636,100,0,0,0,100,100,22,29,1165,0,54,11,44,-1,-1,44,100,50,1,0,0,0,4,6.44184,1
31.109532,17,2,0.181818,313,36.363636,100,0,0,0,100,100,22,29,1192,0,55,11,40,-1,-1,44,100,48,1,0,0,0,4,6.456335,1
34.652735,18,3,0.086957,334,55.555557,100,0,0,0,100,100,18,25,1418,0.181818,46,6,53,100,-1,100,-1,47,0.818182,0.888889,0,0.333333,4,6.891089,0
46.883035,37,3,0.151515,676,53.846153,100,0,0,100,100,100,52,46,2723,0.333333,113,18,40,-1,-1,52,-1,49,0.666667,0.5,0,0.25,8,6.688518,0
22.68898,0,0,-1,4,0,0,0,0,0,0,0,0,0,9,0,6,0,-1,-1,-1,-1,-1,50,0,0,0,0,0,13.5,0
69.290127,1,1,0.176471,138,62.5,100,0,100,100,100,100,8,10,501,0.5,16,4,100,100,-1,100,-1,50,0.5,0,0,0,3,4.042296,3
29.394345,0,0,0.222222,52,50,100,0,0,0,100,100,2,1,63,0,12,3,100,-1,-1,100,-1,37,1,0,0,0,3,3.049231,0
64.340067,0,0,0.111111,103,66.666664,100,0,0,100,100,100,3,3,318,0.769231,30,1,92,-1,-1,100,-1,48,0.230769,0,0,0,4,21.493671,7
66.282424,1,2,0.333333,80,75,100,0,100,100,100,100,4,7,89,0.692308,17,4,100,100,-1,50,-1,45,0.307692,0,0,0.25,5,1.951971,1
68.402695,0,3,0.1875,65,66.666664,100,0,100,100,100,100,3,1,72,0.714286,23,3,100,100,-1,66,-1,53,0.285714,0,0,1,3,2.376645,5
68.404094,0,3,0.1875,65,66.666664,100,0,100,100,100,100,3,1,72,0.714286,23,3,100,100,-1,66,-1,53,0.285714,0,0,1,3,2.370676,5
54.211285,0,0,0.111111,107,66.666664,100,0,100,100,100,100,3,3,323,0.769231,33,1,92,100,-1,100,-1,52,0.230769,0,0,0,4,16.140186,7
60.588726,0,2,0.214286,142,44.444443,100,0,0,0,100,100,9,32,149,0.666667,21,22,90,-1,-1,50,100,50,0.333333,0,0,0,5,1.855297,0
68.715753,0,1,0.142857,45,75,100,0,100,100,100,100,4,7,55,0,14,4,100,100,-1,100,-1,37,1,0,0,0,4,2.324561,4
50.062142,0,0,0.333333,46,100,100,0,100,0,100,100,1,1,55,1,12,1,100,100,-1,100,-1,33,0,0,0,0,6,0.935802,3
49.519617,1,0,0.333333,75,100,100,0,0,0,100,100,1,1,83,0.5,14,4,100,-1,-1,100,-1,40,0.5,0,0,0,7,1.037849,3
49.900045,0,0,0.333333,48,100,100,0,100,0,100,100,1,1,59,0.5,13,1,100,100,-1,100,-1,42,0.5,0,0,0,6,0.9511,3
53.939423,3,4,0.2,152,40,100,0,0,0,100,100,10,8,169,0,19,6,90,100,-1,100,-1,50,0,0,0,0,4,1.391985,5
49.103961,3,0,0.115385,231,42.857143,100,0,0,0,100,100,14,21,252,0,22,1,95,100,-1,100,-1,47,1,0,0,0,5,1.373918,8
50.257999,3,2,0.166667,72,75,100,0,0,100,100,100,4,1,78,0,8,2,100,-1,-1,100,100,25,0,0,0,0,4,1.291538,0
40.549825,2,1,0.5,36,50,100,0,100,100,100,100,2,1,41,0,6,3,100,100,-1,100,-1,0,1,1,0,0,4,2.230284,0
48.570955,28,2,0.148148,532,30.76923,100,0,0,100,89.743591,89.743591,39,53,804,0.2,87,2,72,-1,-1,70,-1,51,0.8,0.5,0,0,6,2.211328,2
47.350454,0,2,0.222222,36,50,100,0,100,100,100,100,2,1,157,0,15,3,50,100,-1,100,-1,41,0,0,0,0,3,11.684932,0
49.22222,2,0,0.5,62,50,100,0,0,0,100,100,4,4,69,0,10,3,100,100,-1,100,-1,0,1,1,0,0,5,1.550459,1
47.894229,0,3,0.12,136,42.857143,100,0,0,0,100,100,7,5,748,0.222222,19,17,100,-1,-1,100,-1,0,0.777778,0.214286,0,0.071429,6,10.377309,2
48.695261,0,0,0.333333,35,50,100,0,0,100,100,100,2,1,161,0,8,1,100,-1,-1,66,-1,40,1,0,0,0,4,4.601351,0
51.664723,17,3,0.069767,323,38.095238,100,0,0,0,66.666664,66.666664,21,31,1186,0.434783,34,7,100,100,-1,100,-1,46,0.565217,0.692308,0,0.384615,5,7.472637,0
42.232463,0,0,0.4,42,50,100,0,0,100,100,100,2,1,177,0,8,1,100,-1,-1,100,-1,25,0,0,0,0,5,8.366337,1
38.770529,0,2,0.107143,160,83.333336,100,0,0,0,100,100,6,11,627,0,16,4,66,-1,-1,57,100,42,1,0,0,0,4,10.458791,1
50.011765,0,1,0.272727,62,100,100,0,0,100,100,100,1,1,262,0,10,7,50,-1,-1,75,-1,40,1,0.666667,0,0.833333,3,8.715152,0
26.453888,0,4,0.307692,119,55.555557,100,0,0,100,100,100,9,15,143,0.538462,27,7,100,-1,-1,100,-1,47,0.461538,0.333333,0.166667,0.333333,5,1.657419,2
29.706517,10,8,0.12,297,40,100,100,0,100,100,100,20,21,354,0.454545,58,13,100,100,-1,100,100,49,0.545455,0.666667,0.083333,0.25,6,1.462725,0
29.909447,0,2,0.3,255,45,100,100,0,100,100,100,20,37,302,0.24,52,9,100,100,-1,100,100,47,0.76,0.473684,0.157895,0.315789,4,1.315733,0
47.069303,0,0,0.285714,48,50,100,0,0,0,100,100,2,1,198,0,9,0,100,-1,-1,75,-1,33,0,0,0,0,3,12.675324,6
58.161643,0,4,0.2,93,50,100,0,100,100,100,100,2,1,420,1,19,2,100,100,-1,100,-1,47,0,0,0,0,4,9.706612,1
34.052447,0,0,1,36,100,100,0,0,100,100,100,1,1,146,0,8,2,100,-1,-1,100,-1,40,0,0,0,0,4,6.457944,0
38.895594,0,2,0.142857,132,54.545456,100,0,0,100,100,100,11,11,159,1,28,4,100,-1,-1,100,-1,45,0,0,0,0,4,1.440223,0
39.48436,0,1,0.285714,39,50,100,0,0,100,100,100,2,1,45,0.666667,10,8,100,-1,-1,100,-1,33,0.333333,0,0,0,5,1.676471,0
50.10883,3,7,0.230769,203,60,100,0,100,100,100,100,10,30,208,0,27,3,55,100,-1,100,-1,50,1,1,0,0.6,4,1.142416,0
45.855051,3,5,0.181818,248,50,100,0,100,100,100,100,10,31,253,0.222222,39,11,64,100,-1,80,-1,48,0.777778,0.857143,0,0.571429,4,1.237895,1
45.715262,18,5,0.190476,327,33.333332,100,0,100,100,87.5,87.5,24,35,337,0,48,5,66,100,-1,100,-1,47,1,1,0,0.6,6,1.682999,0
52.281871,19,3,0.129032,368,47.36842,100,100,100,100,84.210526,73.684212,19,48,393,0.117647,46,3,68,57,-1,50,100,48,0.882353,0.666667,0,0.6,5,1.466652,4
48.614316,20,4,0.114286,436,45,100,100,100,100,80,70,20,56,460,0.210526,54,6,56,50,-1,50,100,50,0.789474,0.666667,0,0.6,5,1.475335,4
48.744776,20,4,0.114286,439,45,100,100,100,100,80,70,20,56,463,0.210526,54,6,56,50,-1,50,100,50,0.789474,0.666667,0,0.6,5,1.473238,4
49.944604,2,1,0.5,25,50,100,0,100,100,100,100,2,1,30,0,8,4,100,100,-1,100,-1,25,1,0,0,1,3,1.660944,0
75.146116,0,3,0.122449,532,62.903225,100,0,0,0,100,100,62,65,2216,0.8125,38,2,75,100,-1,100,-1,51,0.1875,0.666667,0,0,4,10.064081,0
46.002431,0,0,-1,5,0,0,0,0,0,0,0,0,0,8,0,4,1,-1,-1,-1,-1,-1,0,0,0,0,0,0,5.333334,0
41.070112,0,0,-1,28,0,0,0,0,0,0,0,0,2,34,0,7,0,-1,-1,-1,-1,-1,0,0,0,0,0,0,1.457778,0
47.431922,0,0,-1,38,0,0,0,0,0,0,0,0,0,46,0,9,0,-1,-1,-1,-1,-1,0,0,0,0,0,1,2.810077,0
40.094521,0,2,0.133333,378,44.444443,100,0,0,0,100,100,36,38,1655,0.722222,32,3,55,100,-1,100,-1,50,0.277778,1,0,0,5,11.215561,1
48.220059,0,0,-1,28,0,0,0,0,0,0,0,0,0,33,0,6,0,-1,-1,-1,-1,-1,0,0,0,0,0,1,2.517857,0
48.40158,0,0,-1,27,0,0,0,100,0,0,0,0,0,31,0,5,0,-1,100,-1,-1,-1,0,0,0,0,0,0,1.511278,0
34.467031,0,0,0.2,42,50,100,0,100,100,100,100,2,1,159,0,15,2,100,100,-1,100,-1,46,0,0,0,0,4,11.6,1
42.56163,0,1,0.25,40,50,100,0,0,100,100,100,2,1,45,0,16,2,100,-1,-1,100,-1,44,0,0,0,0,4,1.085714,0
60.981786,0,3,0.2,65,100,100,0,0,100,100,100,1,1,132,0,18,1,100,-1,-1,62,-1,55,0,0,0,0,4,0.89486,1
38.829744,12,1,0.363636,249,35.294117,100,0,0,0,88.235291,88.235291,17,19,679,0,41,3,70,100,-1,50,-1,0,0,0,0,0,3,2.543299,0
38.052723,12,2,0.363636,254,35.294117,100,0,0,0,88.235291,88.235291,17,19,947,0,44,6,63,100,-1,50,-1,0,0,0,0,0,3,2.775454,0
65.425106,13,2,0.152174,385,34.615383,100,0,0,0,73.07692,65.384613,26,32,863,1,51,3,42,-1,-1,36,-1,0,0,0,0,0,3,2.521822,2
19.751123,28,6,0.153846,595,29.268293,100,0,0,0,85.365852,85.365852,41,59,1389,1,142,9,100,100,-1,100,-1,54,0,0,0,0,3,2.170511,1
49.918458,0,1,0.142857,100,66.666664,100,0,0,0,100,100,3,3,393,1,21,6,25,-1,-1,33,-1,46,0,0,0,0,4,7.717315,0
55.617168,1,5,0.266667,159,69.23077,100,0,0,100,100,100,13,9,615,0,30,5,85,-1,-1,100,-1,53,0,0,0,0,4,9.79351,2
43.454978,13,2,0.235294,385,33.333332,100,0,0,0,100,100,21,21,1359,0.416667,78,24,63,-1,-1,70,-1,50,0.583333,0.714286,0,0.142857,4,8.240101,0
62.39809,25,5,0.111111,449,43.75,100,0,0,100,100,100,32,25,1332,0.410256,87,18,50,100,-1,52,-1,46,0.589744,0.391304,0,0.26087,4,6.706827,0
49.336182,13,4,0.181818,360,47.058823,100,0,0,100,70.588234,70.588234,17,17,938,0.47619,94,20,52,-1,-1,80,-1,48,0.52381,0.636364,0,0.090909,4,3.705349,1
82.599969,1,5,0.142857,115,55.555557,100,0,0,0,100,100,9,7,444,0,26,11,50,100,-1,60,-1,52,0,0,0,0,4,12.113861,6
49.728915,6,2,0.137931,157,58.333332,100,0,100,100,91.666664,100,12,10,713,0,40,10,88,100,-1,88,-1,47,1,0.142857,0,0,4,11.120846,0
43.766061,0,0,0.25,54,50,100,0,100,100,100,100,2,1,266,1,21,3,100,100,-1,80,-1,53,0,0,0,0,5,10.217822,0
47.911863,10,2,0.142857,263,37.5,100,0,0,100,68.75,68.75,16,15,937,0.357143,156,15,93,-1,-1,66,-1,0,0.642857,0.888889,0,0.222222,3,3.790459,2
52.808037,10,2,0.142857,261,37.5,100,0,0,100,68.75,68.75,16,15,933,0.333333,160,15,93,-1,-1,66,-1,0,0.666667,1,0,0.25,3,3.790528,2
49.304266,10,2,0.137931,273,30,100,0,0,100,55,55,20,18,977,0.333333,158,15,93,-1,-1,55,-1,60,0.666667,1,0,0.166667,3,3.998765,0
41.341675,3,1,0.3,58,50,100,0,0,100,100,100,2,3,63,0,9,2,100,-1,100,100,-1,40,0,0,0,0,4,1.747049,2
40.17491,13,1,0.136364,227,56.25,100,0,0,0,62.5,62.5,16,17,256,0,31,11,90,100,-1,55,-1,0,1,1,0,0.666667,3,1.961104,0
51.393301,11,4,0.3,194,53.846153,100,0,0,100,100,100,13,11,536,0.466667,38,7,50,-1,-1,70,-1,40,0.533333,0.5,0,0.125,4,6.292793,1
38.890307,30,2,0.285714,481,33.333332,100,0,0,0,92.307693,92.307693,39,53,531,0,66,6,92,-1,-1,66,-1,0,0,0,0,0,3,1.719626,0
39.270564,35,2,0.2,632,38.77551,100,0,0,0,85.714287,85.714287,49,66,660,0,82,6,95,100,-1,52,-1,49,1,0,0,0,3,1.862411,0
39.597135,3,1,0.4,52,50,100,0,0,100,100,100,2,1,57,0,7,2,100,-1,100,100,-1,33,0,0,0,0,4,1.760073,2
